BLOCK 1 0 32
4294901032 1274598 655420 1409
4294733799 1798206 34603063 88
226053 1215709 917559 399
430450 1456343 6291506 272
4294900384 1275019 589874 1120
4294930777 1273328 655409 130
344620 704629 655409 741
4294883059 1202166 655409 814
261110 1286513 655409 1332
4294889460 1204543 655408 1347
4294901147 1275589 655407 633
90329 1268546 852015 701
186438 1456671 13434927 1274
34176 1244529 21102638 411
4294902349 1520529 655406 997
4294897565 1556413 7143469 737
637469 4294733106 655404 601
168505 4294110748 655404 626
456554 263349 9371692 703
331010 473975 655402 440
638453 4294734951 655402 474
188386 4294285454 5898281 614
589660 4293424156 8192039 1046
631400 4293452876 131104 866
185493 4294320890 917535 643
564040 4293387296 5701662 887
187896 4294292010 524317 1223
355060 4293763983 2031643 754
316900 4293924216 458778 263
655990 4293475426 131098 377
318417 4294033395 458778 1301
374128 4293779891 720921 228
BLOCK 4 0 84
11469537 3792463 0 0
14418775 4660987 0 0
11796713 10635248 0 0
12845835 4456631 0 0
14614903 10803526 0 0
15991827 8394176 0 0
12714819 4961637 0 0
10092824 12596093 0 0
17236923 8389616 0 0
15532408 11411141 0 0
30016036 14984523 0 0
13762831 10798052 0 0
13631784 11200259 0 0
14090553 11006102 0 0
15532882 8390452 0 0
8323817 4687123 0 0
13632699 7867142 0 0
12911014 10893984 0 0
14287085 11117572 0 0
12321133 10993442 0 0
11665698 10695227 0 0
10027738 10613152 0 0
15008141 10549616 0 0
13042400 5022954 0 0
16843135 12603856 0 0
11666143 4510117 0 0
14615807 8843106 0 0
11403705 12608950 0 0
13173127 10681072 0 0
13762995 10694532 0 0
11600285 12608831 0 0
13566256 11423450 0 0
14091073 4640056 0 0
14811924 7620769 0 0
11666203 4457990 0 0
13304055 10634507 0 0
13698228 8106238 0 0
17040583 7456040 0 0
12845490 10906777 0 0
12256059 4962390 0 0
13763386 4634804 0 0
11600692 5244197 0 0
13828411 10786239 0 0
11666184 4921353 0 0
14483853 11331352 0 0
17629510 10918963 0 0
12452259 10831898 0 0
16122187 11408334 0 0
13435305 11261905 0 0
9502898 11003591 0 0
12452533 10795998 0 0
14352719 10551200 0 0
9962222 4741232 0 0
10223888 12612966 0 0
19924151 8131699 0 0
10813666 12607821 0 0
11404026 4929941 0 0
14287227 10746040 0 0
12976404 10914462 0 0
13435255 10944510 0 0
13173012 10758370 0 0
13436103 7869120 0 0
15663438 10684852 0 0
15597830 10928431 0 0
9700033 4224653 0 0
13959488 11015478 0 0
15008158 11010587 0 0
15663445 11347179 0 0
12190110 12607158 0 0
13697256 11014661 0 0
16384336 11425014 0 0
14221608 10562387 0 0
10223885 12593357 0 0
16057173 5025308 0 0
12452101 7453750 0 0
14418320 10507124 0 0
14549845 5025067 0 0
13763844 7454072 0 0
12714714 5055081 0 0
12583606 5024901 0 0
18154688 8788946 0 0
16187786 11123490 0 0
10027723 4223358 0 0
9634562 3958438 0 0
BLOCK 4 1 84
11535072 3792463 0 0
14418776 4660987 0 0
11731177 10635248 0 0
12845837 4456631 0 0
14614904 10803526 0 0
15926292 8394176 0 0
12714820 4961637 0 0
10092823 12596093 0 0
17302459 8389616 0 0
15532408 11411141 0 0
29950501 14984523 0 0
13762829 10798052 0 0
13631783 11200259 0 0
14025016 11006102 0 0
15467345 8390452 0 0
8323816 4687123 0 0
13698236 7867142 0 0
12976550 10893984 0 0
14287086 11117572 0 0
12255596 10993442 0 0
11665696 10695227 0 0
10027737 10613152 0 0
15073677 10549616 0 0
12976864 5022954 0 0
16908671 12603856 0 0
11731679 4510117 0 0
14615806 8843106 0 0
11338169 12608950 0 0
13107592 10681072 0 0
13762994 10694532 0 0
11600284 12608831 0 0
13566256 11423450 0 0
14091074 4640056 0 0
14877459 7620769 0 0
11600667 4457990 0 0
13238520 10634507 0 0
13763764 8106238 0 0
17106119 7456040 0 0
12779954 10906777 0 0
12190522 4962390 0 0
13697850 4634804 0 0
11535155 5244197 0 0
13828410 10786239 0 0
11666184 4921353 0 0
14418317 11331352 0 0
17629511 10918963 0 0
12452259 10831898 0 0
16187723 11408334 0 0
13500840 11261905 0 0
9437360 11003591 0 0
12386996 10795998 0 0
14352719 10551200 0 0
10027757 4741232 0 0
10223889 12612966 0 0
19989687 8131699 0 0
10813667 12607821 0 0
11404026 4929941 0 0
14287228 10746040 0 0
12976404 10914462 0 0
13435257 10944510 0 0
13238549 10758370 0 0
13501638 7869120 0 0
15663438 10684852 0 0
15663367 10928431 0 0
9765569 4224653 0 0
13959487 11015478 0 0
15008157 11010587 0 0
15663444 11347179 0 0
12124576 12607158 0 0
13697256 11014661 0 0
16384336 11425014 0 0
14221607 10562387 0 0
10223885 12593357 0 0
16057174 5025308 0 0
12386564 7453750 0 0
14418320 10507124 0 0
14549844 5025067 0 0
13763846 7454072 0 0
12714714 5055081 0 0
12649141 5024901 0 0
18154687 8788946 0 0
16122249 11123490 0 0
9962187 4223358 0 0
9634562 3958438 0 0
BLOCK 4 2 84
11600608 3792463 0 0
14484313 4660987 0 0
11665640 10635248 0 0
12911374 4456631 0 0
14614905 10803526 0 0
15860756 8394176 0 0
12780357 4961637 0 0
10092822 12596093 0 0
17302460 8389616 0 0
15466873 11411141 0 0
29950502 14984523 0 0
13762828 10798052 0 0
13631782 11200259 0 0
13959480 11006102 0 0
15401808 8390452 0 0
8323814 4687123 0 0
13763773 7867142 0 0
12976549 10893984 0 0
14352623 11117572 0 0
12255595 10993442 0 0
11665695 10695227 0 0
9962199 10613152 0 0
15139213 10549616 0 0
12911327 5022954 0 0
16974207 12603856 0 0
11797215 4510117 0 0
14681341 8843106 0 0
11338170 12608950 0 0
13107592 10681072 0 0
13697457 10694532 0 0
11600282 12608831 0 0
13631793 11423450 0 0
14156610 4640056 0 0
14877458 7620769 0 0
11535130 4457990 0 0
13172985 10634507 0 0
13829300 8106238 0 0
17237191 7456040 0 0
12779954 10906777 0 0
12190521 4962390 0 0
13697850 4634804 0 0
11469618 5244197 0 0
13762873 10786239 0 0
11600647 4921353 0 0
14352781 11331352 0 0
17563976 10918963 0 0
12452259 10831898 0 0
16187724 11408334 0 0
13566375 11261905 0 0
9437359 11003591 0 0
12321458 10795998 0 0
14352720 10551200 0 0
10027756 4741232 0 0
10223890 12612966 0 0
20055224 8131699 0 0
10813668 12607821 0 0
11338490 4929941 0 0
14287229 10746040 0 0
12976404 10914462 0 0
13369722 10944510 0 0
13238549 10758370 0 0
13567173 7869120 0 0
15728974 10684852 0 0
15728904 10928431 0 0
9831104 4224653 0 0
13893950 11015478 0 0
15073693 11010587 0 0
15663444 11347179 0 0
12124577 12607158 0 0
13762792 11014661 0 0
16384336 11425014 0 0
14156070 10562387 0 0
10223884 12593357 0 0
16057175 5025308 0 0
12321027 7453750 0 0
14352784 10507124 0 0
14549843 5025067 0 0
13763847 7454072 0 0
12780250 5055081 0 0
12714677 5024901 0 0
18154686 8788946 0 0
16122249 11123490 0 0
9896651 4223358 0 0
9700098 3958438 0 0
BLOCK 4 3 84
11666143 3792463 0 0
14484314 4660987 0 0
11600104 10635248 0 0
12911375 4456631 0 0
14614905 10803526 0 0
15860756 8394176 0 0
12845894 4961637 0 0
10092821 12596093 0 0
17367997 8389616 0 0
15466873 11411141 0 0
29950503 14984523 0 0
13697291 10798052 0 0
13697317 11200259 0 0
13893944 11006102 0 0
15401807 8390452 0 0
8323813 4687123 0 0
13763774 7867142 0 0
12976549 10893984 0 0
14352624 11117572 0 0
12255594 10993442 0 0
11665694 10695227 0 0
9962197 10613152 0 0
15139213 10549616 0 0
12845791 5022954 0 0
17039743 12603856 0 0
11862750 4510117 0 0
14681340 8843106 0 0
11272634 12608950 0 0
13042057 10681072 0 0
13697456 10694532 0 0
11534745 12608831 0 0
13631793 11423450 0 0
14156611 4640056 0 0
14942993 7620769 0 0
11469594 4457990 0 0
13172986 10634507 0 0
13894836 8106238 0 0
17302727 7456040 0 0
12714418 10906777 0 0
12124984 4962390 0 0
13632313 4634804 0 0
11469617 5244197 0 0
13762872 10786239 0 0
11535111 4921353 0 0
14287245 11331352 0 0
17498440 10918963 0 0
12452258 10831898 0 0
16187724 11408334 0 0
13566375 11261905 0 0
9371822 11003591 0 0
12321457 10795998 0 0
14352720 10551200 0 0
10027756 4741232 0 0
10223891 12612966 0 0
20120760 8131699 0 0
10813670 12607821 0 0
11338490 4929941 0 0
14352766 10746040 0 0
12976404 10914462 0 0
13369723 10944510 0 0
13238549 10758370 0 0
13632709 7869120 0 0
15794510 10684852 0 0
15728905 10928431 0 0
9831103 4224653 0 0
13893949 11015478 0 0
15139229 11010587 0 0
15597908 11347179 0 0
12124578 12607158 0 0
13828328 11014661 0 0
16384336 11425014 0 0
14156069 10562387 0 0
10289419 12593357 0 0
16057176 5025308 0 0
12321026 7453750 0 0
14352783 10507124 0 0
14484306 5025067 0 0
13763849 7454072 0 0
12845785 5055081 0 0
12780213 5024901 0 0
18220221 8788946 0 0
16056712 11123490 0 0
9831115 4223358 0 0
9765635 3958438 0 0
BLOCK 4 4 84
11731679 3792463 0 0
14484316 4660987 0 0
11534567 10635248 0 0
12976913 4456631 0 0
14614906 10803526 0 0
15795220 8394176 0 0
12911431 4961637 0 0
10158356 12596093 0 0
17367998 8389616 0 0
15401337 11411141 0 0
29884968 14984523 0 0
13697289 10798052 0 0
13697315 11200259 0 0
13828408 11006102 0 0
15336270 8390452 0 0
8323812 4687123 0 0
13829311 7867142 0 0
13042085 10893984 0 0
14418161 11117572 0 0
12190057 10993442 0 0
11665692 10695227 0 0
9896660 10613152 0 0
15204749 10549616 0 0
12780255 5022954 0 0
17105279 12603856 0 0
11928286 4510117 0 0
14681339 8843106 0 0
11272635 12608950 0 0
12976522 10681072 0 0
13631919 10694532 0 0
11534744 12608831 0 0
13631793 11423450 0 0
14156611 4640056 0 0
15008528 7620769 0 0
11404057 4457990 0 0
13107451 10634507 0 0
13960372 8106238 0 0
17368263 7456040 0 0
12648882 10906777 0 0
12124982 4962390 0 0
13632313 4634804 0 0
11404080 5244197 0 0
13697335 10786239 0 0
11469574 4921353 0 0
14221709 11331352 0 0
17498441 10918963 0 0
12452258 10831898 0 0
16187725 11408334 0 0
13631910 11261905 0 0
9306285 11003591 0 0
12255920 10795998 0 0
14352720 10551200 0 0
10093291 4741232 0 0
10223892 12612966 0 0
20186297 8131699 0 0
10813671 12607821 0 0
11272954 4929941 0 0
14352767 10746040 0 0
12976404 10914462 0 0
13369724 10944510 0 0
13238549 10758370 0 0
13698244 7869120 0 0
15860045 10684852 0 0
15794442 10928431 0 0
9896638 4224653 0 0
13893948 11015478 0 0
15204764 11010587 0 0
15597908 11347179 0 0
12059044 12607158 0 0
13893863 11014661 0 0
16318801 11425014 0 0
14156068 10562387 0 0
10289419 12593357 0 0
16057177 5025308 0 0
12255489 7453750 0 0
14287247 10507124 0 0
14484305 5025067 0 0
13763850 7454072 0 0
12911321 5055081 0 0
12780212 5024901 0 0
18220220 8788946 0 0
15991176 11123490 0 0
9765579 4223358 0 0
9765635 3958438 0 0
BLOCK 4 5 84
11731679 3792463 0 0
14549853 4660987 0 0
11469031 10635248 0 0
12976914 4456631 0 0
14614907 10803526 0 0
15729684 8394176 0 0
12976968 4961637 0 0
10158356 12596093 0 0
17433534 8389616 0 0
15401337 11411141 0 0
29884968 14984523 0 0
13697288 10798052 0 0
13697314 11200259 0 0
13762872 11006102 0 0
15270733 8390452 0 0
8389347 4687123 0 0
13829312 7867142 0 0
13042085 10893984 0 0
14418162 11117572 0 0
12190055 10993442 0 0
11665691 10695227 0 0
9896658 10613152 0 0
15270284 10549616 0 0
12714719 5022954 0 0
17170815 12603856 0 0
11928286 4510117 0 0
14681337 8843106 0 0
11207099 12608950 0 0
12976523 10681072 0 0
13631918 10694532 0 0
11534742 12608831 0 0
13631794 11423450 0 0
14222148 4640056 0 0
15008527 7620769 0 0
11338520 4457990 0 0
13041917 10634507 0 0
14025907 8106238 0 0
17433799 7456040 0 0
12583346 10906777 0 0
12059445 4962390 0 0
13566777 4634804 0 0
11338542 5244197 0 0
13697334 10786239 0 0
11469573 4921353 0 0
14156173 11331352 0 0
17432905 10918963 0 0
12452258 10831898 0 0
16253261 11408334 0 0
13697445 11261905 0 0
9240748 11003591 0 0
12255919 10795998 0 0
14352721 10551200 0 0
10093290 4741232 0 0
10223893 12612966 0 0
20251833 8131699 0 0
10813672 12607821 0 0
11272953 4929941 0 0
14352768 10746040 0 0
12910868 10914462 0 0
13304190 10944510 0 0
13238549 10758370 0 0
13763780 7869120 0 0
15860045 10684852 0 0
15859979 10928431 0 0
9962173 4224653 0 0
13893947 11015478 0 0
15270300 11010587 0 0
15532372 11347179 0 0
12059045 12607158 0 0
13959399 11014661 0 0
16318801 11425014 0 0
14090531 10562387 0 0
10354954 12593357 0 0
16057178 5025308 0 0
12189952 7453750 0 0
14221710 10507124 0 0
14484304 5025067 0 0
13698316 7454072 0 0
12976857 5055081 0 0
12845748 5024901 0 0
18220219 8788946 0 0
15991175 11123490 0 0
9700043 4223358 0 0
9831171 3958438 0 0
BLOCK 4 6 84
11797214 3792463 0 0
14549854 4660987 0 0
11403495 10635248 0 0
13042451 4456631 0 0
14614908 10803526 0 0
15664149 8394176 0 0
13042505 4961637 0 0
10158355 12596093 0 0
17433535 8389616 0 0
15335801 11411141 0 0
29884969 14984523 0 0
13697287 10798052 0 0
13697313 11200259 0 0
13697336 11006102 0 0
15205196 8390452 0 0
8389345 4687123 0 0
13894849 7867142 0 0
13107620 10893984 0 0
14483699 11117572 0 0
12190054 10993442 0 0
11665689 10695227 0 0
9831121 10613152 0 0
15335820 10549616 0 0
12649182 5022954 0 0
17236351 12603856 0 0
11993821 4510117 0 0
14746872 8843106 0 0
11207100 12608950 0 0
12910988 10681072 0 0
13566381 10694532 0 0
11534741 12608831 0 0
13697330 11423450 0 0
14222149 4640056 0 0
15074062 7620769 0 0
11272984 4457990 0 0
13041918 10634507 0 0
14091443 8106238 0 0
17499335 7456040 0 0
12583346 10906777 0 0
12059444 4962390 0 0
13566777 4634804 0 0
11338541 5244197 0 0
13697333 10786239 0 0
11404037 4921353 0 0
14156173 11331352 0 0
17432906 10918963 0 0
12452257 10831898 0 0
16253262 11408334 0 0
13762980 11261905 0 0
9175210 11003591 0 0
12190382 10795998 0 0
14287185 10551200 0 0
10158825 4741232 0 0
10158358 12612966 0 0
20317370 8131699 0 0
10813674 12607821 0 0
11207417 4929941 0 0
14418305 10746040 0 0
12910868 10914462 0 0
13304191 10944510 0 0
13304085 10758370 0 0
13763779 7869120 0 0
15925581 10684852 0 0
15859979 10928431 0 0
10027708 4224653 0 0
13893945 11015478 0 0
15335836 11010587 0 0
15532371 11347179 0 0
12059047 12607158 0 0
14024935 11014661 0 0
16318801 11425014 0 0
14090530 10562387 0 0
10354953 12593357 0 0
16057179 5025308 0 0
12189951 7453750 0 0
14221710 10507124 0 0
14484303 5025067 0 0
13698317 7454072 0 0
13042393 5055081 0 0
12911283 5024901 0 0
18285754 8788946 0 0
15925638 11123490 0 0
9634507 4223358 0 0
9831172 3958438 0 0
BLOCK 4 7 84
11862750 3792463 0 0
14549856 4660987 0 0
11337958 10635248 0 0
13042453 4456631 0 0
14614908 10803526 0 0
15664149 8394176 0 0
13108041 4961637 0 0
10158354 12596093 0 0
17499072 8389616 0 0
15335801 11411141 0 0
29819434 14984523 0 0
13631750 10798052 0 0
13697312 11200259 0 0
13631800 11006102 0 0
15139660 8390452 0 0
8389344 4687123 0 0
13894850 7867142 0 0
13107620 10893984 0 0
14483700 11117572 0 0
12124517 10993442 0 0
11665688 10695227 0 0
9831119 10613152 0 0
15335820 10549616 0 0
12518110 5022954 0 0
17301886 12603856 0 0
12059357 4510117 0 0
14746871 8843106 0 0
11207100 12608950 0 0
12910988 10681072 0 0
13566380 10694532 0 0
11534739 12608831 0 0
13697330 11423450 0 0
14287685 4640056 0 0
15074061 7620769 0 0
11207447 4457990 0 0
12976383 10634507 0 0
14156979 8106238 0 0
17564870 7456040 0 0
12517810 10906777 0 0
11993907 4962390 0 0
13501241 4634804 0 0
11273004 5244197 0 0
13631796 10786239 0 0
11338500 4921353 0 0
14090637 11331352 0 0
17367371 10918963 0 0
12452257 10831898 0 0
16253262 11408334 0 0
13762980 11261905 0 0
9109673 11003591 0 0
12124844 10795998 0 0
14287185 10551200 0 0
10158825 4741232 0 0
10158359 12612966 0 0
20382906 8131699 0 0
10813675 12607821 0 0
11207417 4929941 0 0
14418305 10746040 0 0
12910868 10914462 0 0
13304192 10944510 0 0
13304085 10758370 0 0
13829314 7869120 0 0
15991116 10684852 0 0
15925516 10928431 0 0
10027707 4224653 0 0
13893944 11015478 0 0
15401371 11010587 0 0
15532371 11347179 0 0
11993512 12607158 0 0
14024935 11014661 0 0
16253265 11425014 0 0
14024993 10562387 0 0
10354952 12593357 0 0
16057181 5025308 0 0
12124414 7453750 0 0
14156174 10507124 0 0
14418766 5025067 0 0
13698319 7454072 0 0
13107929 5055081 0 0
12976819 5024901 0 0
18285752 8788946 0 0
15860102 11123490 0 0
9568971 4223358 0 0
9896708 3958438 0 0
BLOCK 4 8 84
11928286 3792463 0 0
14615393 4660987 0 0
11272422 10635248 0 0
13107990 4456631 0 0
14614909 10803526 0 0
15598613 8394176 0 0
13108042 4961637 0 0
10158353 12596093 0 0
17499073 8389616 0 0
15270265 11411141 0 0
29819435 14984523 0 0
13631748 10798052 0 0
13697311 11200259 0 0
13566264 11006102 0 0
15139659 8390452 0 0
8389343 4687123 0 0
13960387 7867142 0 0
13173156 10893984 0 0
14549237 11117572 0 0
12124516 10993442 0 0
11665687 10695227 0 0
9765582 10613152 0 0
15401356 10549616 0 0
12452574 5022954 0 0
17432958 12603856 0 0
12124893 4510117 0 0
14746870 8843106 0 0
11141565 12608950 0 0
12845453 10681072 0 0
13500843 10694532 0 0
11534738 12608831 0 0
13697330 11423450 0 0
14287686 4640056 0 0
15139596 7620769 0 0
11141911 4457990 0 0
12910848 10634507 0 0
14222515 8106238 0 0
17630406 7456040 0 0
12452274 10906777 0 0
11993906 4962390 0 0
13501241 4634804 0 0
11207467 5244197 0 0
13631795 10786239 0 0
11272964 4921353 0 0
14025101 11331352 0 0
17367371 10918963 0 0
12452257 10831898 0 0
16318798 11408334 0 0
13828515 11261905 0 0
9044136 11003591 0 0
12124843 10795998 0 0
14287186 10551200 0 0
10224360 4741232 0 0
10158360 12612966 0 0
20448443 8131699 0 0
10813676 12607821 0 0
11141881 4929941 0 0
14418306 10746040 0 0
12910867 10914462 0 0
13238657 10944510 0 0
13304085 10758370 0 0
13894850 7869120 0 0
15991116 10684852 0 0
15991053 10928431 0 0
10093242 4224653 0 0
13893943 11015478 0 0
15466907 11010587 0 0
15466835 11347179 0 0
11993513 12607158 0 0
14090471 11014661 0 0
16253265 11425014 0 0
14024991 10562387 0 0
10420488 12593357 0 0
16057182 5025308 0 0
12058877 7453750 0 0
14156173 10507124 0 0
14418765 5025067 0 0
13698320 7454072 0 0
13173464 5055081 0 0
12976819 5024901 0 0
18285751 8788946 0 0
15860101 11123490 0 0
9568971 4223358 0 0
9962244 3958438 0 0
BLOCK 5 0 157
22020664 4272177427 0 0
36176969 764159442 0 0
38404726 2986585060 0 0
12976323 2991202665 0 0
13960553 2991202665 0 0
32244867 74971535 0 0
40567330 2168835813 0 0
22611351 2442467110 0 0
39060218 2986585060 0 0
39780443 14133606 0 0
23724925 2991202665 0 0
20513071 696163868 0 0
33096894 3868771942 0 0
33096736 2991202665 0 0
2033010 2986585060 0 0
10683678 1672146824 0 0
45679375 2349579324 0 0
12780144 2991202665 0 0
34275903 2349579324 0 0
3605628 2991202665 0 0
7602596 2986585060 0 0
45286471 2986585060 0 0
23986758 2986585060 0 0
39780377 2986585060 0 0
2294091 2986585060 0 0
15205766 2349579324 0 0
44106196 2986585060 0 0
12255545 2986585060 0 0
17564879 2381821373 0 0
21299560 2349579324 0 0
37684374 2991202665 0 0
36962581 2045005029 0 0
21627804 2349579324 0 0
34407788 2351426366 0 0
17301930 2349579324 0 0
15532320 2381823323 0 0
40894940 2349579324 0 0
23856436 2349579324 0 0
36176815 1746560155 0 0
14746816 2349579324 0 0
5046493 2381824253 0 0
29753789 2351426366 0 0
35324437 2349579324 0 0
7406291 2381824285 0 0
39452767 2349579324 0 0
30343907 2381824350 0 0
30016382 2349579324 0 0
20448297 2381825214 0 0
39322547 2986585060 0 0
34604100 2351426366 0 0
44761942 2381825276 0 0
42860963 2991202665 0 0
6227242 2381825340 0 0
12649466 2349579324 0 0
36831774 2351426366 0 0
45614036 2257511612 0 0
28705773 2349579324 0 0
22873034 647039694 0 0
27394502 2798309825 0 0
27722160 1889149841 0 0
5767341 2381846423 0 0
18874823 2349579324 0 0
12583881 2349579324 0 0
18022463 71849 0 0
35652736 2351426366 0 0
24642017 2381846512 0 0
38929487 4041489560 0 0
24052846 2991202665 0 0
15794377 2991202665 0 0
33293744 3606236156 0 0
10682744 2381847377 0 0
17760523 2349579324 0 0
27132224 66247018 0 0
31261077 2798309825 0 0
31850630 2257511613 0 0
8192628 2991202665 0 0
37814353 2991202665 0 0
27000969 2512099030 0 0
41026910 2381848222 0 0
9307014 2351426366 0 0
20382897 2381848245 0 0
23134255 2351426366 0 0
26607921 2381848252 0 0
7799832 2351426366 0 0
14418372 2381848308 0 0
42599513 2351426366 0 0
10945054 2798309825 0 0
6554534 2381848407 0 0
34341973 2351426366 0 0
39256347 2351426366 0 0
40240393 2351426366 0 0
24379908 856960948 0 0
32440398 2351426366 0 0
31523495 2351426366 0 0
36634857 2993461958 0 0
12648535 2351426366 0 0
34078815 2351426366 0 0
30409348 2560900519 0 0
9961918 4227404617 0 0
4326462 3606236184 0 0
38995174 2351426366 0 0
22872730 647963215 0 0
26804821 3898287859 0 0
42075352 79712752 0 0
42074281 2351426366 0 0
34931204 1758163687 0 0
8585925 3422965034 0 0
6554233 3686262822 0 0
24118096 2016956 0 0
8061440 4227404617 0 0
36373323 2419827064 0 0
29819675 3703772569 0 0
11403546 4227404617 0 0
25231937 4171069836 0 0
29753616 2351426366 0 0
18415995 4227404617 0 0
21824801 4171069836 0 0
34275573 367856570 0 0
32637240 4171993357 0 0
41747299 1113093658 0 0
29032625 3703772569 0 0
25035397 2600206703 0 0
31326609 4227404617 0 0
40239702 4171069836 0 0
27394343 994066016 0 0
37748964 2381850174 0 0
36044878 2351426366 0 0
29294989 1486174012 0 0
36700175 4171069836 0 0
40960086 3703772569 0 0
15597718 223729928 0 0
30737229 2987508581 0 0
31261282 1933517108 0 0
26673499 3152246023 0 0
18481675 1366058863 0 0
35193141 3833933728 0 0
22414305 1010441296 0 0
7471573 3703772569 0 0
21889277 1010441297 0 0
20185354 486966943 0 0
26018094 2381851220 0 0
13305016 4171069836 0 0
1966783 4171069836 0 0
2163792 2090115611 0 0
21823804 83785513 0 0
24642839 2003426 0 0
9830728 173351918 0 0
23134893 173351920 0 0
24183481 173351916 0 0
37422028 173351917 0 0
23528849 173351919 0 0
31654200 46030404 0 0
30475060 3288702855 0 0
22741768 173351921 0 0
29230240 173351923 0 0
34145354 173351924 0 0
37880678 173351946 0 0
BLOCK 5 1 157
23003729 4272177427 0 0
34341950 764159442 0 0
37028502 2986585060 0 0
11141329 2991202665 0 0
12125558 2991202665 0 0
32703651 74971535 0 0
39518754 2168835813 0 0
24380817 2442467110 0 0
37028614 2986585060 0 0
41680978 14133606 0 0
22086530 2991202665 0 0
19464519 696163868 0 0
33162464 3868771942 0 0
34931755 2991202665 0 0
2491547 2986585060 0 0
12387593 1672146824 0 0
45286363 2349579324 0 0
11010687 2991202665 0 0
32309827 2349579324 0 0
5309607 2991202665 0 0
5702077 2986585060 0 0
45024511 2986585060 0 0
25952841 2986585060 0 0
37879847 2986585060 0 0
3015155 2986585060 0 0
13305226 2349579324 0 0
42402317 2986585060 0 0
14221616 2986585060 0 0
15533266 2381821373 0 0
19333482 2349579324 0 0
35980454 2991202665 0 0
35258663 2045005029 0 0
19661726 2349579324 0 0
36111739 2351426366 0 0
15335854 2349579324 0 0
17629475 2381823323 0 0
42729973 2349579324 0 0
21890358 2349579324 0 0
35521485 1746560155 0 0
12780740 2349579324 0 0
5177649 2381824253 0 0
31523270 2351426366 0 0
33358362 2349579324 0 0
8848117 2381824285 0 0
41353327 2349579324 0 0
28705519 2381824350 0 0
31916929 2349579324 0 0
22479915 2381825214 0 0
37356453 2986585060 0 0
36308052 2351426366 0 0
45745155 2381825276 0 0
41681378 2991202665 0 0
4392267 2381825340 0 0
10683392 2349579324 0 0
35193391 2351426366 0 0
45417655 2257511612 0 0
30737392 2349579324 0 0
24773572 647039694 0 0
29229503 2798309825 0 0
26542537 1889149841 0 0
7733441 2381846423 0 0
16908746 2349579324 0 0
14549966 2349579324 0 0
17432669 71849 0 0
33948815 2351426366 0 0
22872557 2381846512 0 0
39847040 4041489560 0 0
26150000 2991202665 0 0
13959372 2991202665 0 0
35258370 3606236156 0 0
12583294 2381847377 0 0
15794446 2349579324 0 0
29032761 66247018 0 0
33161613 2798309825 0 0
33423497 2257511613 0 0
6423170 2991202665 0 0
36044887 2991202665 0 0
25100426 2512099030 0 0
39716231 2381848222 0 0
7865253 2351426366 0 0
22348979 2381848245 0 0
21364791 2351426366 0 0
24641843 2381848252 0 0
6489156 2351426366 0 0
12452296 2381848308 0 0
42599598 2351426366 0 0
12780051 2798309825 0 0
5571554 2381848407 0 0
36045924 2351426366 0 0
41091336 2351426366 0 0
38798634 2351426366 0 0
26280445 856960948 0 0
34144346 2351426366 0 0
29819569 2351426366 0 0
34799838 2993461958 0 0
14483534 2351426366 0 0
35782765 2351426366 0 0
31851163 2560900519 0 0
11796913 4227404617 0 0
2753514 3606236184 0 0
37094617 2351426366 0 0
24445611 647963215 0 0
24838734 3898287859 0 0
40240318 79712752 0 0
41025764 2351426366 0 0
36635161 1758163687 0 0
6816433 3422965034 0 0
4850262 3686262822 0 0
22217546 2016956 0 0
9830895 4227404617 0 0
34538304 2419827064 0 0
27919124 3703772569 0 0
13304079 4227404617 0 0
27329083 4171069836 0 0
31523098 2351426366 0 0
20447605 4227404617 0 0
23659803 4171069836 0 0
32375020 367856570 0 0
34734384 4171993357 0 0
39912267 1113093658 0 0
27001002 3703772569 0 0
23134862 2600206703 0 0
33292681 4227404617 0 0
42009148 4171069836 0 0
25428257 994066016 0 0
39256319 2381850174 0 0
37683298 2351426366 0 0
27263375 1486174012 0 0
38600706 4171069836 0 0
42795060 3703772569 0 0
17498270 223729928 0 0
29229923 2987508581 0 0
33227354 1933517108 0 0
28639573 3152246023 0 0
19333670 1366058863 0 0
34865500 3833933728 0 0
24314842 1010441296 0 0
5570999 3703772569 0 0
19988726 1010441297 0 0
21496096 486966943 0 0
27853112 2381851220 0 0
14550230 4171069836 0 0
2490849 4171069836 0 0
4129905 2090115611 0 0
22806868 83785513 0 0
26477842 2003426 0 0
9961849 173351918 0 0
24707774 173351920 0 0
25821897 173351916 0 0
37815291 173351917 0 0
21890466 173351919 0 0
30343501 46030404 0 0
29295438 3288702855 0 0
24380185 173351921 0 0
27722930 173351923 0 0
32834661 173351924 0 0
37815191 173351946 0 0
BLOCK 5 2 157
24052330 4272177427 0 0
32441397 764159442 0 0
35521199 2986585060 0 0
9437412 2991202665 0 0
10290566 2991202665 0 0
33031364 74971535 0 0
38404641 2168835813 0 0
26150282 2442467110 0 0
34997006 2986585060 0 0
43581507 14133606 0 0
20382600 2991202665 0 0
18481504 696163868 0 0
33031427 3868771942 0 0
36635705 2991202665 0 0
4064311 2986585060 0 0
14157047 1672146824 0 0
43779129 2349579324 0 0
9306769 2991202665 0 0
30343750 2349579324 0 0
7144636 2991202665 0 0
3932653 2986585060 0 0
43648356 2986585060 0 0
27918923 2986585060 0 0
35979312 2986585060 0 0
4522564 2986585060 0 0
11339151 2349579324 0 0
40501802 2986585060 0 0
16253224 2986585060 0 0
13567190 2381821373 0 0
17367405 2349579324 0 0
34210995 2991202665 0 0
33554740 2045005029 0 0
17695649 2349579324 0 0
37750159 2351426366 0 0
13369778 2349579324 0 0
19726630 2381823323 0 0
44433964 2349579324 0 0
19989816 2349579324 0 0
34735081 1746560155 0 0
10880202 2349579324 0 0
5898617 2381824253 0 0
33292753 2351426366 0 0
31392285 2349579324 0 0
10486542 2381824285 0 0
43188365 2349579324 0 0
27001594 2381824350 0 0
33883012 2349579324 0 0
24445997 2381825214 0 0
35390362 2986585060 0 0
37946472 2351426366 0 0
45024452 2381825276 0 0
40174092 2991202665 0 0
2753944 2381825340 0 0
8782857 2349579324 0 0
33489469 2351426366 0 0
43844900 2257511612 0 0
32703475 2349579324 0 0
26674111 647039694 0 0
31130040 2798309825 0 0
25362914 1889149841 0 0
9633997 2381846423 0 0
14942669 2349579324 0 0
16516049 2349579324 0 0
16908412 71849 0 0
32244890 2351426366 0 0
21037561 2381846512 0 0
40436923 4041489560 0 0
28247154 2991202665 0 0
12189904 2991202665 0 0
37158921 3606236156 0 0
14549379 2381847377 0 0
13828370 2349579324 0 0
30867762 66247018 0 0
34996612 2798309825 0 0
34865292 2257511613 0 0
4719260 2991202665 0 0
34209883 2991202665 0 0
23265418 2512099030 0 0
38208933 2381848222 0 0
6554576 2351426366 0 0
24315061 2381848245 0 0
19595326 2351426366 0 0
22675764 2381848252 0 0
5506177 2351426366 0 0
10486223 2381848308 0 0
42009850 2351426366 0 0
14680586 2798309825 0 0
5047344 2381848407 0 0
37684344 2351426366 0 0
42926311 2351426366 0 0
37225795 2351426366 0 0
28180983 856960948 0 0
35848297 2351426366 0 0
28050105 2351426366 0 0
32899285 2993461958 0 0
16318534 2351426366 0 0
37421184 2351426366 0 0
33292981 2560900519 0 0
13631912 4227404617 0 0
2097970 3606236184 0 0
35194062 2351426366 0 0
25952956 647963215 0 0
22872648 3898287859 0 0
38339758 79712752 0 0
39715086 2351426366 0 0
38208052 1758163687 0 0
5046928 3422965034 0 0
3277331 3686262822 0 0
20251459 2016956 0 0
11665891 4227404617 0 0
32637751 2419827064 0 0
26018573 3703772569 0 0
15270150 4227404617 0 0
29491764 4171069836 0 0
33227045 2351426366 0 0
22479215 4227404617 0 0
25494804 4171069836 0 0
30474469 367856570 0 0
36765989 4171993357 0 0
38011707 1113093658 0 0
25034916 3703772569 0 0
21299862 2600206703 0 0
35258752 4227404617 0 0
43647503 4171069836 0 0
23462171 994066016 0 0
40632612 2381850174 0 0
39190652 2351426366 0 0
25231761 1486174012 0 0
40502691 4171069836 0 0
44369316 3703772569 0 0
19398820 223729928 0 0
27657078 2987508581 0 0
35127889 1933517108 0 0
30605646 3152246023 0 0
20251200 1366058863 0 0
34275713 3833933728 0 0
26280916 1010441296 0 0
3801471 3703772569 0 0
18022640 1010441297 0 0
22872374 486966943 0 0
29753668 2381851220 0 0
15860977 4171069836 0 0
4129154 4171069836 0 0
6095996 2090115611 0 0
23855468 83785513 0 0
28247308 2003426 0 0
10486183 173351918 0 0
26346191 173351920 0 0
27394778 173351916 0 0
37880876 173351917 0 0
20316161 173351919 0 0
28967264 46030404 0 0
27984742 3288702855 0 0
25953065 173351921 0 0
26084547 173351923 0 0
31458428 173351924 0 0
37422021 173351946 0 0
BLOCK 5 3 157
25035394 4272177427 0 0
30606381 764159442 0 0
33882819 2986585060 0 0
7799038 2991202665 0 0
8521117 2991202665 0 0
33162469 74971535 0 0
37290528 2168835813 0 0
27919747 2442467110 0 0
32965396 2986585060 0 0
45482014 14133606 0 0
18678670 2991202665 0 0
17564026 696163868 0 0
32703780 3868771942 0 0
38339659 2991202665 0 0
5899276 2986585060 0 0
15926504 1672146824 0 0
41944160 2349579324 0 0
7668396 2991202665 0 0
28377672 2349579324 0 0
9045192 2991202665 0 0
2556509 2986585060 0 0
41878929 2986585060 0 0
29950543 2986585060 0 0
34013238 2986585060 0 0
6357609 2986585060 0 0
9373079 2349579324 0 0
38535738 2986585060 0 0
18284833 2986585060 0 0
11535580 2381821373 0 0
15401328 2349579324 0 0
32441533 2991202665 0 0
31850816 2045005029 0 0
15729572 2349579324 0 0
39257514 2351426366 0 0
11338167 2349579324 0 0
21758248 2381823323 0 0
45613748 2349579324 0 0
18023738 2349579324 0 0
33817602 1746560155 0 0
8914131 2349579324 0 0
7012783 2381824253 0 0
34996702 2351426366 0 0
29426208 2349579324 0 0
12124961 2381824285 0 0
44826833 2349579324 0 0
25232133 2381824350 0 0
35783561 2349579324 0 0
26477615 2381825214 0 0
33358738 2986585060 0 0
39453828 2351426366 0 0
43386132 2381825276 0 0
38535719 2991202665 0 0
1966244 2381825340 0 0
6882327 2349579324 0 0
31785544 2351426366 0 0
41944397 2257511612 0 0
34538487 2349579324 0 0
28574649 647039694 0 0
33030576 2798309825 0 0
24117754 1889149841 0 0
11600085 2381846423 0 0
13042129 2349579324 0 0
18416596 2349579324 0 0
16580765 71849 0 0
30540964 2351426366 0 0
19268102 2381846512 0 0
40502523 4041489560 0 0
30344308 2991202665 0 0
10354901 2991202665 0 0
39125010 3606236156 0 0
16580998 2381847377 0 0
11862295 2349579324 0 0
32768298 66247018 0 0
36897146 2798309825 0 0
36372623 2257511613 0 0
3146449 2991202665 0 0
32440414 2991202665 0 0
21364875 2512099030 0 0
36569097 2381848222 0 0
5506061 2351426366 0 0
26281143 2381848245 0 0
17825863 2351426366 0 0
20709686 2381848252 0 0
5047505 2351426366 0 0
8520152 2381848308 0 0
40895795 2351426366 0 0
16581122 2798309825 0 0
5178501 2381848407 0 0
39191698 2351426366 0 0
44564647 2351426366 0 0
35587413 2351426366 0 0
30081520 856960948 0 0
37486716 2351426366 0 0
26280641 2351426366 0 0
31064269 2993461958 0 0
18219070 2351426366 0 0
38994073 2351426366 0 0
34538194 2560900519 0 0
15532447 4227404617 0 0
2949767 3606236184 0 0
33293509 2351426366 0 0
27460301 647963215 0 0
20972098 3898287859 0 0
36504737 79712752 0 0
38207787 2351426366 0 0
39715417 1758163687 0 0
3408468 3422965034 0 0
2294149 3686262822 0 0
18350908 2016956 0 0
13500889 4227404617 0 0
30802735 2419827064 0 0
24118023 3703772569 0 0
17170687 4227404617 0 0
31588909 4171069836 0 0
34930994 2351426366 0 0
24510825 4227404617 0 0
27329806 4171069836 0 0
28573918 367856570 0 0
38797592 4171993357 0 0
36111150 1113093658 0 0
23003293 3703772569 0 0
19399327 2600206703 0 0
37224822 4227404617 0 0
45023666 4171069836 0 0
21496085 994066016 0 0
41812313 2381850174 0 0
40632481 2351426366 0 0
23200148 1486174012 0 0
42337671 4171069836 0 0
45417748 3703772569 0 0
21299371 223729928 0 0
26018697 2987508581 0 0
37028422 1933517108 0 0
32506183 3152246023 0 0
21234266 1366058863 0 0
33554851 3833933728 0 0
28246990 1010441296 0 0
2490627 3703772569 0 0
16056553 1010441297 0 0
24248652 486966943 0 0
31588688 2381851220 0 0
17302793 4171069836 0 0
6095193 4171069836 0 0
8062081 2090115611 0 0
24904069 83785513 0 0
30016774 2003426 0 0
11272656 173351918 0 0
27919072 173351920 0 0
28967661 173351916 0 0
37618780 173351917 0 0
18743315 173351919 0 0
27591026 46030404 0 0
26608509 3288702855 0 0
27591483 173351921 0 0
24511700 173351923 0 0
29951120 173351924 0 0
36701167 173351946 0 0
BLOCK 5 4 157
26018458 4272177427 0 0
28771366 764159442 0 0
32178899 2986585060 0 0
6226213 2991202665 0 0
6881293 2991202665 0 0
33096967 74971535 0 0
36176415 2168835813 0 0
29689212 2442467110 0 0
30933784 2986585060 0 0
46990579 14133606 0 0
16974741 2991202665 0 0
16712086 696163868 0 0
32245061 3868771942 0 0
39978086 2991202665 0 0
7865333 2986585060 0 0
17695963 1672146824 0 0
40109172 2349579324 0 0
6161108 2991202665 0 0
26411594 2349579324 0 0
10880207 2991202665 0 0
2491164 2986585060 0 0
40043945 2986585060 0 0
31916627 2986585060 0 0
32047163 2986585060 0 0
8258174 2986585060 0 0
7472547 2349579324 0 0
36569669 2986585060 0 0
20316443 2986585060 0 0
9569508 2381821373 0 0
13500788 2349579324 0 0
30606533 2991202665 0 0
30081353 2045005029 0 0
13829031 2349579324 0 0
40632349 2351426366 0 0
9437631 2349579324 0 0
23855402 2381823323 0 0
45351811 2349579324 0 0
16057661 2349579324 0 0
32834585 1746560155 0 0
7013601 2349579324 0 0
8389077 2381824253 0 0
36635119 2351426366 0 0
27460130 2349579324 0 0
13828911 2381824285 0 0
45744505 2349579324 0 0
23528207 2381824350 0 0
37749648 2349579324 0 0
28443697 2381825214 0 0
31392650 2986585060 0 0
40830123 2351426366 0 0
41485622 2381825276 0 0
36831803 2991202665 0 0
2883925 2381825340 0 0
5047344 2349579324 0 0
30016082 2351426366 0 0
39978337 2257511612 0 0
36439036 2349579324 0 0
30475187 647039694 0 0
34865576 2798309825 0 0
22872595 1889149841 0 0
13631706 2381846423 0 0
11076055 2349579324 0 0
20382678 2349579324 0 0
16384190 71849 0 0
28771501 2351426366 0 0
17564180 2381846512 0 0
40043832 4041489560 0 0
32375927 2991202665 0 0
8585437 2991202665 0 0
41025569 3606236156 0 0
18547081 2381847377 0 0
9961758 2349579324 0 0
34603297 66247018 0 0
38732140 2798309825 0 0
37748884 2257511613 0 0
1966934 2991202665 0 0
30670945 2991202665 0 0
19464331 2512099030 0 0
34930713 2381848222 0 0
5047388 2351426366 0 0
28247225 2381848245 0 0
16121936 2351426366 0 0
18743609 2381848252 0 0
5178661 2351426366 0 0
6619624 2381848308 0 0
39585116 2351426366 0 0
18416123 2798309825 0 0
5899470 2381848407 0 0
40633527 2351426366 0 0
45613070 2351426366 0 0
33883491 2351426366 0 0
31916521 856960948 0 0
38994069 2351426366 0 0
24511177 2351426366 0 0
29163718 2993461958 0 0
20054071 2351426366 0 0
40370364 2351426366 0 0
35652339 2560900519 0 0
17367447 4227404617 0 0
4522556 3606236184 0 0
31327421 2351426366 0 0
28967647 647963215 0 0
19006011 3898287859 0 0
34604183 79712752 0 0
36569409 2351426366 0 0
40895116 1758163687 0 0
2294224 3422965034 0 0
2621648 3686262822 0 0
16450357 2016956 0 0
15335888 4227404617 0 0
28902184 2419827064 0 0
22217473 3703772569 0 0
19071223 4227404617 0 0
33620517 4171069836 0 0
36634947 2351426366 0 0
26476899 4227404617 0 0
29099272 4171069836 0 0
26673367 367856570 0 0
40829190 4171993357 0 0
34210596 1113093658 0 0
20971671 3703772569 0 0
17498793 2600206703 0 0
39190888 4227404617 0 0
45482241 4171069836 0 0
19464462 994066016 0 0
42533280 2381850174 0 0
41746646 2351426366 0 0
21168534 1486174012 0 0
44041555 4171069836 0 0
45089881 3703772569 0 0
23199921 223729928 0 0
24445851 2987508581 0 0
38928953 1933517108 0 0
34472254 3152246023 0 0
22217331 1366058863 0 0
32637379 3833933728 0 0
30147527 1010441296 0 0
2555968 3703772569 0 0
14156001 1010441297 0 0
25624930 486966943 0 0
33358175 2381851220 0 0
18875678 4171069836 0 0
8126787 4171069836 0 0
10028163 2090115611 0 0
25887133 83785513 0 0
31851776 2003426 0 0
12255732 173351918 0 0
29491955 173351920 0 0
30475008 173351916 0 0
37029000 173351917 0 0
17170471 173351919 0 0
26214787 46030404 0 0
25232276 3288702855 0 0
29164365 173351921 0 0
22938852 173351923 0 0
28378275 173351924 0 0
35783701 173351946 0 0
BLOCK 5 5 157
26935987 4272177427 0 0
26870815 764159442 0 0
30540513 2986585060 0 0
5046626 2991202665 0 0
5439554 2991202665 0 0
32900392 74971535 0 0
35062302 2168835813 0 0
31458677 2442467110 0 0
28836636 2986585060 0 0
45876122 14133606 0 0
15205277 2991202665 0 0
16056755 696163868 0 0
31655268 3868771942 0 0
41485452 2991202665 0 0
9896933 2986585060 0 0
19530959 1672146824 0 0
38208640 2349579324 0 0
4981520 2991202665 0 0
24445516 2349579324 0 0
12780757 2991202665 0 0
3736472 2986585060 0 0
38076422 2986585060 0 0
33882711 2986585060 0 0
30081087 2986585060 0 0
10158730 2986585060 0 0
5570566 2349579324 0 0
34538060 2986585060 0 0
22282516 2986585060 0 0
7603440 2381821373 0 0
11534713 2349579324 0 0
28771533 2991202665 0 0
28311890 2045005029 0 0
11862956 2349579324 0 0
41812050 2351426366 0 0
7471564 2349579324 0 0
25887020 2381823323 0 0
43975660 2349579324 0 0
14091585 2349579324 0 0
31720493 1746560155 0 0
5113081 2349579324 0 0
9896432 2381824253 0 0
38273541 2351426366 0 0
25494052 2349579324 0 0
15532859 2381824285 0 0
45089335 2349579324 0 0
21824281 2381824350 0 0
39650203 2349579324 0 0
30475316 2381825214 0 0
29361027 2986585060 0 0
41944290 2351426366 0 0
39585096 2381825276 0 0
35127881 2991202665 0 0
4587931 2381825340 0 0
3343461 2349579324 0 0
28246618 2351426366 0 0
38012269 2257511612 0 0
38208515 2349579324 0 0
32375724 647039694 0 0
36766109 2798309825 0 0
21627435 1889149841 0 0
15597790 2381846423 0 0
9175519 2349579324 0 0
22348760 2349579324 0 0
16318687 71849 0 0
27002037 2351426366 0 0
15794723 2381846512 0 0
39191916 4041489560 0 0
34407547 2991202665 0 0
6815978 2991202665 0 0
42926141 3606236156 0 0
20513163 2381847377 0 0
8061225 2349579324 0 0
36438294 66247018 0 0
40567130 2798309825 0 0
39125146 2257511613 0 0
2163749 2991202665 0 0
28835939 2991202665 0 0
17563788 2512099030 0 0
33226790 2381848222 0 0
5178545 2351426366 0 0
30213307 2381848245 0 0
14352475 2351426366 0 0
16777531 2381848252 0 0
5965165 2351426366 0 0
4784644 2381848308 0 0
38077816 2351426366 0 0
20316660 2798309825 0 0
7013635 2381848407 0 0
41747691 2351426366 0 0
45221111 2351426366 0 0
32179567 2351426366 0 0
33817056 856960948 0 0
40435897 2351426366 0 0
22741712 2351426366 0 0
27263167 2993461958 0 0
21954609 2351426366 0 0
41615598 2351426366 0 0
36569882 2560900519 0 0
19267984 4227404617 0 0
6357528 3606236184 0 0
29361334 2351426366 0 0
30409458 647963215 0 0
17039924 3898287859 0 0
32638095 79712752 0 0
34931026 2351426366 0 0
41681614 1758163687 0 0
2490643 3422965034 0 0
3997805 3686262822 0 0
14549805 2016956 0 0
17170888 4227404617 0 0
27067169 2419827064 0 0
20316922 3703772569 0 0
20971761 4227404617 0 0
35717659 4171069836 0 0
38207832 2351426366 0 0
28508509 4227404617 0 0
30934273 4171069836 0 0
24707281 367856570 0 0
42795239 4171993357 0 0
32310044 1113093658 0 0
19005584 3703772569 0 0
15663797 2600206703 0 0
41091412 4227404617 0 0
44630123 4171069836 0 0
17498375 994066016 0 0
42664436 2381850174 0 0
42533149 2351426366 0 0
19071384 1486174012 0 0
45417694 4171069836 0 0
43647988 3703772569 0 0
25100470 223729928 0 0
22807469 2987508581 0 0
40829478 1933517108 0 0
36372788 3152246023 0 0
23265931 1366058863 0 0
31588832 3833933728 0 0
32113600 1010441296 0 0
3868027 3703772569 0 0
12189912 1010441297 0 0
26935672 486966943 0 0
35127665 2381851220 0 0
20383026 4171069836 0 0
10158388 4171069836 0 0
11994245 2090115611 0 0
26870198 83785513 0 0
33621240 2003426 0 0
13500947 173351918 0 0
30999303 173351920 0 0
31982358 173351916 0 0
36177072 173351917 0 0
15728701 173351919 0 0
24773012 46030404 0 0
23856042 3288702855 0 0
30671712 173351921 0 0
21300469 173351923 0 0
26805429 173351924 0 0
34604085 173351946 0 0
BLOCK 5 6 157
27853516 4272177427 0 0
25035800 764159442 0 0
28771053 2986585060 0 0
4325818 2991202665 0 0
4456596 2991202665 0 0
32507209 74971535 0 0
33948189 2168835813 0 0
33228141 2442467110 0 0
26805023 2986585060 0 0
44041064 14133606 0 0
13501351 2991202665 0 0
15466962 696163868 0 0
30934402 3868771942 0 0
42665160 2991202665 0 0
11928537 2986585060 0 0
21365955 1672146824 0 0
36242568 2349579324 0 0
4260713 2991202665 0 0
22479438 2349579324 0 0
14681305 2991202665 0 0
5505997 2986585060 0 0
36110351 2986585060 0 0
35848798 2986585060 0 0
28115010 2986585060 0 0
12124819 2986585060 0 0
3801136 2349579324 0 0
32571986 2986585060 0 0
24314126 2986585060 0 0
5637381 2381821373 0 0
9568640 2349579324 0 0
27002067 2991202665 0 0
26542426 2045005029 0 0
9896884 2349579324 0 0
42533018 2351426366 0 0
5571041 2349579324 0 0
27984174 2381823323 0 0
42206230 2349579324 0 0
12191045 2349579324 0 0
30606400 1746560155 0 0
3409196 2349579324 0 0
11469317 2381824253 0 0
39780899 2351426366 0 0
23593510 2349579324 0 0
17302341 2381824285 0 0
43516553 2349579324 0 0
20120356 2381824350 0 0
41485228 2349579324 0 0
32441399 2381825214 0 0
27329405 2986585060 0 0
42599724 2351426366 0 0
37619026 2381825276 0 0
33292885 2991202665 0 0
6422970 2381825340 0 0
2098411 2349579324 0 0
26477154 2351426366 0 0
36111732 2257511612 0 0
39912461 2349579324 0 0
34276260 647039694 0 0
38601104 2798309825 0 0
20447812 1889149841 0 0
17563873 2381846423 0 0
7209452 2349579324 0 0
24314842 2349579324 0 0
16384256 71849 0 0
25232573 2351426366 0 0
14156342 2381846512 0 0
38077846 4041489560 0 0
36439169 2991202665 0 0
5112063 2991202665 0 0
44630137 3606236156 0 0
22479245 2381847377 0 0
6160699 2349579324 0 0
38273289 66247018 0 0
42336573 2798309825 0 0
40435875 2257511613 0 0
3474576 2991202665 0 0
27066468 2991202665 0 0
15663245 2512099030 0 0
31457329 2381848222 0 0
5965048 2351426366 0 0
32179390 2381848245 0 0
12648553 2351426366 0 0
14811455 2381848252 0 0
7144865 2351426366 0 0
3080770 2381848308 0 0
36439437 2351426366 0 0
22217198 2798309825 0 0
8389929 2381848407 0 0
42534194 2351426366 0 0
43779221 2351426366 0 0
30475641 2351426366 0 0
35652055 856960948 0 0
41615595 2351426366 0 0
20972248 2351426366 0 0
25428152 2993461958 0 0
23789610 2351426366 0 0
42467634 2351426366 0 0
37159749 2560900519 0 0
21102986 4227404617 0 0
8192514 3606236184 0 0
27460783 2351426366 0 0
31720198 647963215 0 0
15073836 3898287859 0 0
30737543 79712752 0 0
33227103 2351426366 0 0
41878301 1758163687 0 0
3801253 3422965034 0 0
5636157 3686262822 0 0
12649252 2016956 0 0
19005889 4227404617 0 0
25166619 2419827064 0 0
18416372 3703772569 0 0
22872298 4227404617 0 0
37814799 4171069836 0 0
39715190 2351426366 0 0
30540118 4227404617 0 0
32769274 4171069836 0 0
22806730 367856570 0 0
44564646 4171993357 0 0
30409493 1113093658 0 0
16973961 3703772569 0 0
13828802 2600206703 0 0
42991923 4227404617 0 0
43122723 4171069836 0 0
15597824 994066016 0 0
42140226 2381850174 0 0
42664305 2351426366 0 0
17039771 1486174012 0 0
45483025 4171069836 0 0
41944005 3703772569 0 0
27001020 223729928 0 0
21169087 2987508581 0 0
42664455 1933517108 0 0
38273319 3152246023 0 0
24314531 1366058863 0 0
30409210 3833933728 0 0
34014136 1010441296 0 0
5637445 3703772569 0 0
10289356 1010441297 0 0
28246415 486966943 0 0
36831624 2381851220 0 0
22021445 4171069836 0 0
12189993 4171069836 0 0
14025861 2090115611 0 0
27853264 83785513 0 0
35456240 2003426 0 0
14811694 173351918 0 0
32441117 173351920 0 0
33358638 173351916 0 0
35062994 173351917 0 0
14286933 173351919 0 0
23331236 46030404 0 0
22479808 3288702855 0 0
32113526 173351921 0 0
19727622 173351923 0 0
25232582 173351924 0 0
33358929 173351946 0 0
BLOCK 5 7 157
28705509 4272177427 0 0
23135249 764159442 0 0
27067129 2986585060 0 0
4325921 2991202665 0 0
4260094 2991202665 0 0
31982952 74971535 0 0
32768540 2168835813 0 0
34997603 2442467110 0 0
24707874 2986585060 0 0
42140502 14133606 0 0
11797428 2991202665 0 0
15008242 696163868 0 0
30082462 3868771942 0 0
43451679 2991202665 0 0
13894608 2986585060 0 0
23200952 1672146824 0 0
34276493 2349579324 0 0
4326351 2991202665 0 0
20513360 2349579324 0 0
16581851 2991202665 0 0
7406568 2986585060 0 0
34144278 2986585060 0 0
37814887 2986585060 0 0
26148933 2986585060 0 0
14156441 2986585060 0 0
2359446 2349579324 0 0
30540374 2986585060 0 0
26345736 2986585060 0 0
3802415 2381821373 0 0
7668108 2349579324 0 0
25167065 2991202665 0 0
24772961 2045005029 0 0
7996350 2349579324 0 0
42664174 2351426366 0 0
3736076 2349579324 0 0
30015793 2381823323 0 0
40305708 2349579324 0 0
10224972 2349579324 0 0
29426769 1746560155 0 0
2098606 2349579324 0 0
13173268 2381824253 0 0
41091661 2351426366 0 0
21627432 2349579324 0 0
19071822 2381824285 0 0
41747116 2349579324 0 0
18416431 2381824350 0 0
43320268 2349579324 0 0
34407483 2381825214 0 0
25363318 2986585060 0 0
42665344 2351426366 0 0
35587417 2381825276 0 0
31523422 2991202665 0 0
8389066 2381825340 0 0
2293772 2349579324 0 0
24707690 2351426366 0 0
34211193 2257511612 0 0
41550876 2349579324 0 0
36176796 647039694 0 0
40436094 2798309825 0 0
19333726 1889149841 0 0
19595492 2381846423 0 0
5374467 2349579324 0 0
26215388 2349579324 0 0
16580897 71849 0 0
23463108 2351426366 0 0
12517963 2381846512 0 0
36700165 4041489560 0 0
38470793 2991202665 0 0
3473707 2991202665 0 0
45678866 3606236156 0 0
24445327 2381847377 0 0
4325724 2349579324 0 0
40108279 66247018 0 0
44040458 2798309825 0 0
41746608 2257511613 0 0
5113019 2991202665 0 0
25231462 2991202665 0 0
13762703 2512099030 0 0
29687867 2381848222 0 0
7079213 2351426366 0 0
34145474 2381848245 0 0
11010170 2351426366 0 0
12845379 2381848252 0 0
8519700 2351426366 0 0
1966817 2381848308 0 0
34735518 2351426366 0 0
24117735 2798309825 0 0
9962820 2381848407 0 0
42665350 2351426366 0 0
42009705 2351426366 0 0
28706178 2351426366 0 0
37552587 856960948 0 0
42467632 2351426366 0 0
19202783 2351426366 0 0
23527602 2993461958 0 0
25690148 2351426366 0 0
42664325 2351426366 0 0
37487476 2560900519 0 0
23003523 4227404617 0 0
10158579 3606236184 0 0
25494697 2351426366 0 0
33030941 647963215 0 0
13107748 3898287859 0 0
28836993 79712752 0 0
31457642 2351426366 0 0
41485160 1758163687 0 0
5439601 3422965034 0 0
7405602 3686262822 0 0
10748697 2016956 0 0
20840890 4227404617 0 0
23331604 2419827064 0 0
16515821 3703772569 0 0
24772835 4227404617 0 0
39846398 4171069836 0 0
41025951 2351426366 0 0
32506191 4227404617 0 0
34538737 4171069836 0 0
20906180 367856570 0 0
45744128 4171993357 0 0
28443406 1113093658 0 0
14942337 3703772569 0 0
12059346 2600206703 0 0
44630256 4227404617 0 0
41420209 4171069836 0 0
13631736 994066016 0 0
41157247 2381850174 0 0
42205632 2351426366 0 0
15073694 1486174012 0 0
44237713 4171069836 0 0
40108971 3703772569 0 0
28901571 223729928 0 0
19530705 2987508581 0 0
44302796 1933517108 0 0
40173846 3152246023 0 0
25297596 1366058863 0 0
29164050 3833933728 0 0
35980206 1010441296 0 0
7603495 3703772569 0 0
8323262 1010441297 0 0
29557160 486966943 0 0
38404518 2381851220 0 0
23594328 4171069836 0 0
14287136 4171069836 0 0
15991941 2090115611 0 0
28770794 83785513 0 0
37225703 2003426 0 0
16253509 173351918 0 0
33817399 173351920 0 0
34669386 173351916 0 0
33817840 173351917 0 0
13041778 173351919 0 0
21889461 46030404 0 0
21103574 3288702855 0 0
33489807 173351921 0 0
18154777 173351923 0 0
23659734 173351924 0 0
31982697 173351946 0 0
BLOCK 5 8 157
29426431 4272177427 0 0
21300235 764159442 0 0
25297667 2986585060 0 0
5112438 2991202665 0 0
4850015 2991202665 0 0
31327621 74971535 0 0
31588890 2168835813 0 0
36767064 2442467110 0 0
22676261 2986585060 0 0
40239947 14133606 0 0
10093508 2991202665 0 0
14680595 696163868 0 0
29163526 3868771942 0 0
43386245 2991202665 0 0
15926216 2986585060 0 0
25035949 1672146824 0 0
32375953 2349579324 0 0
5178404 2991202665 0 0
18612818 2349579324 0 0
18547934 2991202665 0 0
9372664 2986585060 0 0
32178203 2986585060 0 0
39780980 2986585060 0 0
24182856 2986585060 0 0
16122526 2986585060 0 0
2031977 2349579324 0 0
28508762 2986585060 0 0
28377346 2986585060 0 0
2360728 2381821373 0 0
5767584 2349579324 0 0
23332063 2991202665 0 0
23003496 2045005029 0 0
6095824 2349579324 0 0
42139965 2351426366 0 0
2294391 2349579324 0 0
32112948 2381823323 0 0
38405176 2349579324 0 0
8324438 2349579324 0 0
28181601 1746560155 0 0
2293969 2349579324 0 0
14877217 2381824253 0 0
42074760 2351426366 0 0
19661354 2349579324 0 0
20841302 2381824285 0 0
39846590 2349579324 0 0
16712508 2381824350 0 0
44893204 2349579324 0 0
36373569 2381825214 0 0
23331696 2986585060 0 0
42074139 2351426366 0 0
33621342 2381825276 0 0
29688422 2991202665 0 0
10355156 2381825340 0 0
3735670 2349579324 0 0
22938225 2351426366 0 0
32310653 2257511612 0 0
43123766 2349579324 0 0
38011793 647039694 0 0
42205539 2798309825 0 0
18219642 1889149841 0 0
21561574 2381846423 0 0
3605041 2349579324 0 0
28181470 2349579324 0 0
16974145 71849 0 0
21628107 2351426366 0 0
11010662 2381846512 0 0
35192864 4041489560 0 0
40371349 2991202665 0 0
2163092 2991202665 0 0
45220317 3606236156 0 0
26411409 2381847377 0 0
2752937 2349579324 0 0
41877725 66247018 0 0
45285528 2798309825 0 0
42926276 2257511613 0 0
6816977 2991202665 0 0
23461991 2991202665 0 0
11862162 2512099030 0 0
27983939 2381848222 0 0
8521042 2351426366 0 0
36046024 2381848245 0 0
9371792 2351426366 0 0
10879305 2381848252 0 0
10092590 2351426366 0 0
2556842 2381848308 0 0
33031595 2351426366 0 0
25952737 2798309825 0 0
11601240 2381848407 0 0
42205220 2351426366 0 0
40109137 2351426366 0 0
26936714 2351426366 0 0
39387580 856960948 0 0
42664323 2351426366 0 0
17498856 2351426366 0 0
21627051 2993461958 0 0
27525149 2351426366 0 0
42336726 2351426366 0 0
37487524 2560900519 0 0
24838525 4227404617 0 0
12059112 3606236184 0 0
23528611 2351426366 0 0
34145078 647963215 0 0
11207193 3898287859 0 0
26936442 79712752 0 0
29688179 2351426366 0 0
40502181 1758163687 0 0
7209045 3422965034 0 0
9240591 3686262822 0 0
8848139 2016956 0 0
22675892 4227404617 0 0
21431054 2419827064 0 0
14615269 3703772569 0 0
26673373 4227404617 0 0
41877989 4171069836 0 0
42074586 2351426366 0 0
34537799 4227404617 0 0
36373736 4171069836 0 0
18940093 367856570 0 0
45155547 4171993357 0 0
26542855 1113093658 0 0
12976247 3703772569 0 0
10355432 2600206703 0 0
45678668 4227404617 0 0
39650714 4171069836 0 0
11665646 994066016 0 0
39846570 2381850174 0 0
41222653 2351426366 0 0
13042083 1486174012 0 0
42533721 4171069836 0 0
38208409 3703772569 0 0
30802122 223729928 0 0
17957862 2987508581 0 0
45547844 1933517108 0 0
42074364 3152246023 0 0
26346196 1366058863 0 0
27918889 3833933728 0 0
37880739 1010441296 0 0
9569556 3703772569 0 0
6488233 1010441297 0 0
30736834 486966943 0 0
39780814 2381851220 0 0
25232746 4171069836 0 0
16384280 4171069836 0 0
17958021 2090115611 0 0
29557254 83785513 0 0
39060699 2003426 0 0
17760858 173351918 0 0
35062612 173351920 0 0
35783531 173351916 0 0
32441610 173351917 0 0
11862163 173351919 0 0
20447686 46030404 0 0
19792878 3288702855 0 0
34800555 173351921 0 0
16647469 173351923 0 0
22021350 173351924 0 0
30475390 173351946 0 0
